2
43
72 204
72 106
96 68
206 68
246 68
262 68
294 68
418 74
438 110
432 206
516 206
576 208
670 210
838 210
964 212
1128 214
1224 208
1214 218
1212 406
1210 450
1208 484
1208 524
1206 594
1210 592
1064 592
1062 650
1064 688
1064 734
962 736
922 736
886 738
882 856
846 874
750 868
508 890
518 814
516 738
218 750
198 536
212 418
50 422
74 338
72 202
43
146 210
144 122
136 136
218 136
258 136
288 138
358 138
358 172
358 194
360 220
354 286
346 280
432 280
512 278
564 278
670 276
834 280
968 280
1128 282
1134 352
1136 430
1132 516
1018 516
980 542
988 654
948 658
922 660
812 660
828 836
730 794
592 800
594 744
594 712
592 666
416 676
254 670
288 430
288 326
240 350
146 346
146 304
142 272
146 212
100
156 160
60 166
156 150
78 100
178 152
176 54
222 152
224 50
266 148
270 48
310 152
312 44
340 156
368 56
346 170
436 96
344 186
450 182
354 282
448 198
476 200
470 296
532 196
546 294
594 188
608 290
668 192
674 294
752 192
766 298
834 194
848 292
910 192
924 296
994 200
998 300
1062 196
1058 298
1126 190
1104 302
1232 226
1112 308
1228 338
1112 340
1230 376
1116 382
1232 420
1114 418
1230 468
1096 460
1222 512
1104 492
1218 606
1098 500
1100 606
1096 492
1080 610
986 548
1074 638
966 626
958 754
950 630
916 752
912 638
908 768
782 706
880 840
770 754
824 878
734 766
706 770
714 880
644 784
558 874
622 756
508 790
612 652
496 762
482 640
454 756
430 640
368 742
384 616
288 690
352 588
222 606
320 534
192 524
314 464
188 470
274 350
170 448
178 328
116 432
174 308
42 300
160 242
50 238
166 192
40 194
112 228
0
0
