2
34
72 204
72 106
96 68
206 68
246 68
262 68
294 68
418 74
438 110
432 206
516 206
576 208
670 210
744 210
742 234
742 282
742 364
740 422
738 516
738 608
718 588
592 592
594 644
628 730
516 732
264 750
198 598
214 420
82 426
80 386
74 290
74 260
74 242
72 202
31
146 210
144 122
136 136
218 136
258 136
288 138
358 138
358 172
358 194
360 220
354 286
346 280
432 280
512 278
564 278
670 276
670 402
670 324
670 516
544 512
514 558
520 660
370 690
252 606
288 424
288 328
238 350
146 346
144 298
146 258
146 208
86
46 290
158 290
40 234
162 240
50 182
174 194
58 116
168 164
128 62
206 148
226 46
248 146
324 46
316 150
394 62
336 160
458 132
334 186
462 178
328 236
476 196
336 300
494 196
438 302
528 194
512 294
560 190
564 294
626 188
606 280
696 190
650 296
760 242
658 316
756 312
656 348
758 366
654 364
756 400
650 402
756 448
644 446
756 486
642 484
748 566
640 490
700 606
610 500
656 612
574 498
612 606
506 528
614 628
474 586
612 646
490 636
594 706
494 642
518 750
482 630
450 742
454 632
388 740
424 632
334 718
392 622
282 682
366 608
230 632
324 574
206 568
326 548
196 512
306 486
192 458
308 450
306 384
198 430
258 336
170 426
182 326
152 438
164 330
56 384
162 314
56 332
110 290
0
1
